000016,1.797547984868288
000024,0.030804345849901438
000025,0.032002168940380216
000034,0.031774586997926235
000046,0.03389423806220293
000106,0.03517664480023086
000107,0.0336546148173511
000116,0.033615282038226724
000119,0.032889120979234576
000131,0.03281649714335799
000159,0.03334099194034934
000169,0.03366782306693494
000170,0.033545491052791476
000185,0.033176076831296086
000194,0.03313628607429564
000217,0.03414690284989774
000228,0.036433717934414744
000234,0.03375211381353438
000268,0.03310045204125345
000292,0.033479158068075776
000298,0.034572482807561755
000319,0.03403315390460193
000338,0.039033115142956376
000344,0.03417415195144713
000345,0.03367532300762832
000346,0.03354257415048778
000367,0.033781738951802254
000369,0.032802163157612085
000378,0.033023827942088246
000379,0.03285978804342449
000392,0.03292124508880079
000396,0.03290495416149497
000410,0.03320811805315316
000414,0.034303484950214624
000446,0.03349853307008743
000449,0.035012396052479744
000472,0.03564005810767412
000484,0.03313745302148163
000495,0.033403242006897926
000496,0.03282233001664281
000498,0.033482366940006614
000501,0.03359678201377392
000519,0.03513031220063567
000542,0.0329599950928241
000552,0.035838390002027154
000568,0.03285928792320192
000575,0.03374457289464772
000582,0.03296124585904181
000585,0.033693782053887844
000589,0.033327491953969
000590,0.035646306816488504
000595,0.0331587849650532
000613,0.0339414868503809
000616,0.03778458293527365
000630,0.03282549581490457
000633,0.03393857111223042
000662,0.03382257209159434
000682,0.033462782856076956
000709,0.0333003681153059
000716,0.03353978204540908
000722,0.03264437313191593
000758,0.04241229803301394
000778,0.03352940804325044
000779,0.04161534504964948
000780,0.03476831503212452
000785,0.032804704969748855
000788,0.03370386501774192
000809,0.034025029046460986
000813,0.03369848895817995
000817,0.03392319590784609
000826,0.034250027034431696
000839,0.0329302460886538
000845,0.03380373795516789
000862,0.03373344801366329
000869,0.03830249491147697
000876,0.033557615941390395
000881,0.033144161105155945
000883,0.033648198004812
000888,0.033225701889023185
000890,0.0332360768225044
000914,0.03661000891588628
000916,0.03365265601314604
000922,0.03354565682820976
000928,0.033071661135181785
000940,0.03301170305348933
000951,0.03764571016654372
000952,0.0330202451441437
000954,0.03358657285571098
000969,0.033303658943623304
000972,0.03630884503945708
000992,0.034719939809292555
000994,0.033386534079909325
000995,0.032950619934126735
000998,0.033241743920370936
001004,0.04009364894591272
001005,0.033201409969478846
001023,0.03464235691353679
001033,0.03383553004823625
001045,0.03334128390997648
001050,0.032844538101926446
001054,0.033330200938507915
001063,0.0339972369838506
001069,0.033399449894204736
001072,0.033612906001508236
001096,0.03462081612087786
001113,0.033101702108979225
001114,0.0330997861456126
001116,0.03369948989711702
001121,0.03721421305090189
001124,0.03316340991295874
001126,0.03334970097057521
001132,0.03363603190518916
001139,0.03377932216972113
001170,0.03313191095367074
001175,0.03482552315108478
001188,0.03268262301571667
001194,0.033661614870652556
001204,0.033355367835611105
001215,0.032786580035462976
001226,0.03275295509956777
001262,0.03301032795570791
001275,0.03410561103373766
001281,0.0342411519959569
001286,0.03344215778633952
001306,0.03343099099583924
001309,0.040477186907082796
001334,0.03255441505461931
001336,0.03285162104293704
001354,0.033413826022297144
001368,0.03296928689815104
001373,0.0357678490690887
001376,0.03418931900523603
001381,0.033832154935225844
001382,0.03334886790253222
001387,0.033786655170843005
001389,0.03354428196325898
001401,0.033016703091561794
001405,0.037422168999910355
001408,0.03351632389239967
001415,0.032882288098335266
001417,0.03326015989296138
001429,0.0363056780770421
001444,0.032711623003706336
001462,0.04093664209358394
001471,0.035605600103735924
001474,0.03413236094638705
001486,0.03383794683031738
001503,0.03378128097392619
001508,0.033485325053334236
001510,0.03359165694564581
001511,0.032895537093281746
001525,0.03343053301796317
001532,0.03338224207982421
001536,0.04237238108180463
001539,0.03424577694386244
001542,0.0335049070417881
001547,0.03328357613645494
001548,0.03310541086830199
001560,0.03340744995512068
001561,0.03781491704285145
001589,0.032924787141382694
001593,0.033196035074070096
001596,0.03319053491577506
001601,0.03319653496146202
001602,0.03341319994069636
001609,0.03309591091237962
001629,0.03338749194517732
001644,0.03289466304704547
001657,0.033328743185848
001663,0.03259387309662998
001677,0.03390265488997102
001681,0.03313957713544369
001684,0.03324007708579302
001693,0.03558176616206765
001699,0.03396802907809615
001700,0.03556851693429053
001719,0.03501110407523811
001722,0.03336669993586838
001723,0.03346874099224806
001727,0.03305412014015019
001732,0.03406082093715668
001738,0.03402165416628122
001761,0.03283062088303268
001769,0.035159853054210544
001786,0.032867287984117866
001816,0.032934953924268484
001820,0.03276591305620968
001836,0.03447923297062516
001841,0.03618276212364435
001848,0.03351982403546572
001849,0.03319940995424986
001871,0.033151492942124605
001875,0.03377298917621374
001876,0.033154743956401944
001880,0.03268258017487824
001889,0.03370740613900125
001900,0.034346109023317695
001911,0.033412949880585074
001913,0.03341378387995064
001914,0.03255420597270131
001919,0.03363024001009762
001942,0.03341999207623303
001950,0.03489764709956944
001954,0.037267378997057676
001969,0.03302557789720595
001970,0.03357382398098707
001985,0.03423161106184125
001990,0.03295528702437878
001994,0.033634406980127096
002008,0.03363311477005482
002010,0.033617781940847635
002042,0.03425244311802089
002063,0.03287932905368507
002083,0.03379590599797666
002105,0.03338170005008578
002118,0.034789855824783444
002134,0.033791613997891545
002138,0.03300912003032863
002139,0.03312786901369691
002156,0.033117160899564624
002162,0.032951369881629944
002163,0.03321245196275413
002172,0.03497652197256684
002189,0.03877865895628929
002190,0.034884480061009526
002202,0.03572739101946354
002212,0.03316182689741254
002231,0.03407665295526385
002234,0.03397727897390723
002239,0.03724346193484962
002246,0.03375528100878
002260,0.03361140703782439
002266,0.03334770002402365
002285,0.03467344003729522
002295,0.0326634980738163
002311,0.03312624408863485
002331,0.03371223993599415
002341,0.03309328597970307
002347,0.03406552807427943
002355,0.03348378301598132
002366,0.0334241590462625
002379,0.039789943024516106
002384,0.03300307900644839
002391,0.033272285014390945
002409,0.03315557702444494
002410,0.03492785501293838
002414,0.03288387111388147
002419,0.033726656110957265
002434,0.032874912954866886
002439,0.03370628086850047
002475,0.033437159145250916
002476,0.033013036008924246
002512,0.03325032605789602
002516,0.03664213395677507
002527,0.033476950135082006
002557,0.03325266018509865
002568,0.03298328700475395
002583,0.03415398602373898
002591,0.033726740162819624
002616,0.03400427917949855
002636,0.036211553029716015
002642,0.033328491961583495
002649,0.03321441006846726
002653,0.034696314949542284
002663,0.033460033126175404
002671,0.03344136686064303
002676,0.033080828143283725
002686,0.0334373670630157
002694,0.033066161908209324
002705,0.0332252848893404
002707,0.03315282706171274
002756,0.03333315905183554
002761,0.03406886197626591
002772,0.033747155917808414
002806,0.033503616927191615
002812,0.03324107616208494
002832,0.03289887006394565
002843,0.03376332204788923
002862,0.03601105487905443
002863,0.0318082959856838
002888,0.03687304793857038
002893,0.03873320110142231
002896,0.03374819806776941
002912,0.0326438311021775
002915,0.03337632608599961
002916,0.03392715402878821
002925,0.03305474482476711
002929,0.03442715108394623
002936,0.033792281057685614
002947,0.03362532379105687
002949,0.03557301685214043
002955,0.03367961500771344
002968,0.03315211902372539
002980,0.034074736991897225
002986,0.03477573115378618
003008,0.033632199047133327
003016,0.03288049600087106
003022,0.033804237842559814
003033,0.033403575187548995
003038,0.03311657696031034
003067,0.034058445831760764
003070,0.033315242966637015
003075,0.03369440697133541
003076,0.03945890301838517
003079,0.03327999287284911
003115,0.03281353786587715
003119,0.0333424920681864
003139,0.03316057799383998
003143,0.03290145401842892
003146,0.03325303504243493
003157,0.033197826938703656
003160,0.034807689022272825
003164,0.033124660840258
003194,0.03302353713661432
003200,0.033527323976159096
003207,0.033541698940098286
003212,0.03463002387434244
003216,0.03347290796227753
003225,0.034185069845989347
003233,0.03403027914464474
003243,0.034137444104999304
003251,0.033789488952606916
003255,0.033284659031778574
003260,0.0327942471485585
003269,0.03994544199667871
003272,0.033104410860687494
003329,0.03296895418316126
003330,0.03297428693622351
003341,0.03350740787573159
003343,0.03374182200059295
003346,0.033337576081976295
003348,0.03308274410665035
003353,0.03855732688680291
003363,0.032818496925756335
003376,0.03430756810121238
003389,0.03354094899259508
003396,0.03396777901798487
003399,0.03289549611508846
003404,0.033112494042143226
003414,0.03383294609375298
003418,0.03286753804422915
003435,0.039022490149363875
003440,0.03325745207257569
003442,0.03367553185671568
003449,0.033915279898792505
003461,0.033223117934539914
003473,0.032993370201438665
003490,0.03523360285907984
003499,0.032806080067530274
003561,0.033175243996083736
003562,0.034120694966986775
003563,0.03302557789720595
003575,0.03330182610079646
003602,0.03348353295587003
003635,0.03263683104887605
003636,0.03306820313446224
003642,0.03330528503283858
003662,0.03295628703199327
003669,0.033863780088722706
003675,0.03304503601975739
003677,0.03278799704276025
003689,0.03343195002526045
003694,0.0329689949285239
003696,0.03316820180043578
003702,0.040806518169119954
003717,0.032948494888842106
003719,0.033642948837950826
003731,0.03363957302644849
003735,0.03324620192870498
003747,0.033092119032517076
003749,0.03418219415470958
003762,0.033019202994182706
003763,0.033695948077365756
003785,0.033151868963614106
003787,0.03588888980448246
003788,0.03423486091196537
003792,0.03364519798196852
003810,0.0331652439199388
003815,0.03267245600000024
003825,0.033283116994425654
003833,0.03328178497031331
003840,0.0344187340233475
003855,0.03281212202273309
003865,0.03349611605517566
003873,0.03347986610606313
003877,0.03340057493187487
003892,0.03295116196386516
003893,0.033250701846554875
003903,0.03352699102833867
003922,0.03659546701237559
003926,0.03423690190538764
003943,0.03386544599197805
003955,0.03355407412163913
003959,0.033426825888454914
003960,0.03333836700767279
003969,0.033456158824265
003981,0.03430673503316939
003983,0.03279516310431063
003986,0.03343520010821521
003993,0.031884836964309216
003999,0.03846245282329619
004012,0.033859238028526306
004026,0.03354211593978107
004032,0.03307603602297604
004035,0.03296245401725173
004046,0.033702113898471
004047,0.0331949929241091
004048,0.03332111705094576
004060,0.03314595203846693
004068,0.03302078694105148
004073,0.03384623792953789
004075,0.034584983019158244
004077,0.032684206031262875
004093,0.03729233704507351
004123,0.03437998401932418
004124,0.03292899508960545
004126,0.03243724908679724
004138,0.033295366913080215
004147,0.03328203386627138
004156,0.03436948382295668
004164,0.032980161951854825
004166,0.0331059938762337
004173,0.03354049101471901
004179,0.032885245978832245
004196,0.03698267205618322
004214,0.037335627945140004
004249,0.03338028397411108
004250,0.03289870382286608
004253,0.03300045314244926
004258,0.033156035002321005
004265,0.03376644803211093
004279,0.034224485978484154
004290,0.033408367075026035
004298,0.033423158107325435
004315,0.03349590697325766
004355,0.03286503814160824
004369,0.03324924292974174
004381,0.033555031986907125
004386,0.033576366025954485
004398,0.03368486510589719
004408,0.032937869895249605
004415,0.03351607406511903
004424,0.037107089068740606
004426,0.033084244932979345
004430,0.033032536040991545
004442,0.03347628307528794
004478,0.033605781849473715
004500,0.03780924994498491
004519,0.03423486091196537
004522,0.03738100198097527
004523,0.03440056787803769
004543,0.03317807707935572
004550,0.033103660913184285
004565,0.03420673497021198
004584,0.03919444722123444
004601,0.03341215802356601
004619,0.0336286979727447
004625,0.03336599306203425
004659,0.03421344398520887
004669,0.03350815805606544
004672,0.03247783286496997
004678,0.032852913020178676
004690,0.03306928719393909
004715,0.03262349800206721
004732,0.033721488900482655
004737,0.03407202800735831
004756,0.0338135720230639
004757,0.03305278695188463
004762,0.03308486915193498
004766,0.03351349197328091
004773,0.03492302191443741
004776,0.03306595189496875
004810,0.03386069694533944
004829,0.03389273793436587
004846,0.03311449405737221
004858,0.0337581979110837
004859,0.03279678919352591
004866,0.033186618937179446
004873,0.03483752300962806
004880,0.032871703850105405
004887,0.03319245181046426
004891,0.033288284903392196
004900,0.03282382991164923
004904,0.033979695988819
004923,0.03352478286251426
004930,0.03309982712380588
004957,0.032327541848644614
004961,0.03463323297910392
004965,0.03302799491211772
004966,0.03288024617359042
004979,0.03264845605008304
004989,0.03567251609638333
005013,0.043237832840532064
005034,0.03305178601294756
005037,0.03301124507561326
005042,0.03333665896207094
005054,0.03264445601962507
005056,0.03310099383816123
005063,0.03289324603974819
